0 0.27949375 0.8365268518518518 0.008528472222222222 0.010424074074074073
0 0.31520763888888886 0.8356972222222223 0.008884027777777779 0.010187037037037036
0 0.35669652777777777 0.8348675925925926 0.008351388888888889 0.009475925925925926
0 0.37766319444444446 0.8011083333333333 0.005863194444444445 0.010187037037037036
0 0.3301326388888889 0.6294675925925926 0.008528472222222222 0.010898148148148148
0 0.33741805555555554 0.5644361111111111 0.00817361111111111 0.010187037037037036
0 0.3383951388888889 0.5357703703703703 0.00870625 0.011135185185185185
0 0.30641250000000003 0.5367175925925927 0.00870625 0.009712962962962963
0 0.3070340277777778 0.5647916666666667 0.00995 0.01184537037037037
0 0.417375 0.5146851851851852 0.008884027777777779 0.013029629629629629
0 0.4159534722222222 0.4774907407407407 0.009239583333333334 0.010187037037037036
0 0.3784625 0.48258425925925924 0.009595138888888887 0.012793518518518517
0 0.3116541666666666 0.41636759259259265 0.007818055555555556 0.009712962962962963
0 0.36238194444444444 0.40926111111111113 0.009061805555555556 0.010187037037037036
0 0.4091125 0.4100898148148148 0.007640277777777777 0.009475925925925926
0 0.44074027777777774 0.4094972222222222 0.0065743055555555555 0.00876574074074074
0 0.4355923611111111 0.21155462962962962 0.007550694444444445 0.00897962962962963
0 0.404675 0.2106027777777778 0.007346527777777778 0.009795370370370371
0 0.5076298611111111 0.29209537037037037 0.007550694444444445 0.010612037037037036
0 0.5072215277777777 0.3486916666666667 0.007550694444444445 0.010067592592592593
0 0.5293631944444445 0.35318055555555555 0.008163194444444443 0.009795370370370371
0 0.5293631944444445 0.3096453703703704 0.007754861111111111 0.010884259259259258
0 0.43589791666666666 0.17645462962962963 0.008570833333333333 0.013332407407407407
0 0.6761930555555555 0.18829074074074073 0.007142361111111111 0.009250925925925926
0 0.6293583333333334 0.18788240740740741 0.007346527777777778 0.010067592592592593
0 0.6349708333333334 0.22978518518518518 0.007142361111111111 0.010067592592592593
0 0.6766013888888889 0.23046574074074075 0.007550694444444445 0.009795370370370371
0 0.7300680555555555 0.17455 0.008366666666666666 0.010612037037037036
0 0.7490472222222223 0.17577407407407405 0.008366666666666666 0.009795370370370371
0 0.76894375 0.17536574074074074 0.007346527777777778 0.00897962962962963
0 0.8059833333333333 0.11564074074074075 0.007142361111111111 0.008707407407407408
0 0.786086111111111 0.11591296296296295 0.008163194444444443 0.011972222222222223
0 0.812104861111111 0.22910462962962963 0.007550694444444445 0.008707407407407408
0 0.8383284722222223 0.2569944444444444 0.006938194444444444 0.00897962962962963
0 0.7915958333333333 0.298762037037037 0.007754861111111111 0.009250925925925926
0 0.7915958333333333 0.2704638888888889 0.007346527777777778 0.008162962962962962
0 0.37845208333333336 0.37807777777777773 0.007142361111111111 0.009523148148148147
0 0.8578173611111111 0.27617777777777774 0.007550694444444445 0.010339814814814816
0 0.8790409722222222 0.27645 0.007550694444444445 0.008707407407407408