0 0.26019603174603173 0.7033222222222222 0.007934920634920635 0.010183333333333334
0 0.2553190476190476 0.6649044444444445 0.009422222222222222 0.011108888888888889
0 0.3184674603174603 0.6414144444444444 0.007438888888888889 0.010877777777777778
0 0.33276666666666666 0.6642111111111111 0.006942857142857143 0.01296
0 0.38169761904761906 0.6315788888888889 0.007273809523809524 0.011108888888888889
0 0.3513634920634921 0.5829777777777778 0.008430952380952381 0.011571111111111112
0 0.38169761904761906 0.5730266666666667 0.007603968253968254 0.011571111111111112
0 0.39037698412698413 0.5361133333333333 0.008761111111111112 0.011803333333333334
0 0.3484706349206349 0.5233844444444444 0.007934920634920635 0.012265555555555556
0 0.407734126984127 0.511581111111111 0.008430952380952381 0.01134
0 0.24027619047619048 0.4592777777777778 0.00776984126984127 0.010877777777777778
0 0.38194603174603176 0.4385644444444444 0.009422222222222222 0.012034444444444445
0 0.3803753968253968 0.4811477777777778 0.007273809523809524 0.011108888888888889
0 0.3445031746031746 0.49723222222222224 0.009257142857142858 0.011803333333333334
0 0.3824420634920635 0.4051222222222222 0.009422222222222222 0.011803333333333334
0 0.32648492063492063 0.35571111111111114 0.009257142857142858 0.011108888888888889
0 0.24060714285714285 0.35860444444444445 0.010414285714285714 0.012728888888888889
0 0.409965873015873 0.3900788888888889 0.007934920634920635 0.01458
0 0.43376984126984125 0.3826733333333333 0.008265079365079366 0.012265555555555556
0 0.45658253968253965 0.38221 0.009588095238095238 0.01134
0 0.4754277777777778 0.42248 0.009257142857142858 0.01458
0 0.4626166666666667 0.46992333333333336 0.010414285714285714 0.015505555555555557
0 0.4398865079365079 0.5229211111111111 0.007934920634920635 0.012265555555555556
0 0.4593103174603175 0.5424777777777778 0.00776984126984127 0.012034444444444445
0 0.46575714285714287 0.5746466666666666 0.0081 0.015737777777777778
0 0.4168261904761905 0.5719844444444444 0.0081 0.011803333333333334
0 0.43385317460317463 0.5980211111111111 0.008430952380952381 0.012034444444444445
0 0.4171563492063492 0.6315788888888889 0.0081 0.012497777777777778
0 0.46046746031746033 0.3403211111111111 0.008761111111111112 0.013654444444444445
0 0.43625 0.32805555555555554 0.007603968253968254 0.013191111111111112
0 0.3945095238095238 0.33187333333333335 0.0081 0.012497777777777778
0 0.3831857142857143 0.33245222222222226 0.008926984126984127 0.012728888888888889
0 0.3983111111111111 0.29866333333333334 0.008430952380952381 0.012728888888888889
0 0.3044984126984127 0.3122022222222222 0.008926984126984127 0.012034444444444445
0 0.2805293650793651 0.3119711111111111 0.009257142857142858 0.012034444444444445
0 0.5079936507936508 0.29993666666666663 0.008265079365079366 0.013885555555555555
0 0.5404769841269842 0.33939555555555556 0.0081 0.012265555555555556
0 0.5159285714285714 0.34078444444444445 0.009918253968253968 0.01134
0 0.4946865079365079 0.34078444444444445 0.008430952380952381 0.012728888888888889
0 0.5165896825396825 0.3825577777777778 0.008926984126984127 0.012034444444444445
0 0.5047706349206349 0.4698077777777778 0.010084126984126984 0.013885555555555555
0 0.5405595238095239 0.4315055555555556 0.008265079365079366 0.012728888888888889
0 0.5231198412698413 0.5806633333333333 0.008430952380952381 0.014811111111111112
0 0.49435555555555555 0.5751088888888889 0.009092063492063492 0.013423333333333334
0 0.5231198412698413 0.6142211111111111 0.009092063492063492 0.013885555555555555
0 0.4618730158730159 0.6240566666666667 0.009257142857142858 0.013654444444444445
0 0.3709531746031746 0.36936555555555556 0.009257142857142858 0.01296
0 0.4931984126984127 0.3832522222222222 0.009092063492063492 0.012497777777777778
0 0.5408079365079366 0.6650211111111111 0.009092063492063492 0.012728888888888889