0 0.15501428571428572 0.32722 0.007899206349206348 0.011819999999999999
0 0.1781111111111111 0.2277688888888889 0.007430952380952381 0.010020000000000001
0 0.26219920634920635 0.2321788888888889 0.007469047619047619 0.010955555555555555
0 0.3513746031746032 0.24706 0.007222222222222222 0.01087
0 0.15145793650793649 0.18145555555555554 0.009372222222222223 0.01522777777777778
0 0.15126666666666666 0.2563188888888889 0.01196984126984127 0.019623333333333336
0 0.22919126984126983 0.22748444444444443 0.011361111111111112 0.016193333333333334
0 0.3001095238095238 0.22762222222222223 0.012634920634920634 0.02064
0 0.3420246031746032 0.20052111111111112 0.012523015873015872 0.017894444444444445
0 0.16285158730158728 0.40584111111111115 0.0112984126984127 0.018965555555555555
0 0.2183111111111111 0.40152333333333334 0.011455555555555556 0.016586666666666666
0 0.2665150793650794 0.40135777777777776 0.011504761904761905 0.014864444444444444
0 0.318618253968254 0.4013833333333333 0.013588888888888888 0.01627111111111111
0 0.3670722222222222 0.4011333333333333 0.012515873015873015 0.014768888888888887
0 0.42062222222222223 0.4011333333333333 0.014125396825396824 0.018273333333333336
0 0.2458468253968254 0.4478177777777778 0.009654761904761906 0.012015555555555555
0 0.3526793650793651 0.4478177777777778 0.010191269841269841 0.015018888888888887
0 0.4404690476190476 0.4478177777777778 0.008046031746031745 0.011514444444444443
0 0.15993492063492065 0.5108977777777778 0.009476190476190477 0.013516666666666668
0 0.25773730158730157 0.5947533333333334 0.007688095238095239 0.010513333333333335
0 0.28589761904761907 0.5941277777777777 0.010012698412698412 0.010263333333333334
0 0.23073888888888888 0.6156555555555555 0.010549206349206348 0.01777222222222222
0 0.3061912698412699 0.6149044444444445 0.01197936507936508 0.015268888888888887
0 0.3803031746031746 0.6151544444444444 0.011442857142857144 0.015268888888888887
0 0.4072126984126984 0.5947533333333334 0.010906349206349206 0.013016666666666668
0 0.4331380952380952 0.5948788888888888 0.009119047619047619 0.010263333333333334
0 0.4548619047619048 0.6162811111111111 0.011442857142857144 0.018023333333333336
0 0.16306349206349205 0.63568 0.012873809523809525 0.01627111111111111
0 0.23136428571428572 0.6823644444444444 0.013230952380952381 0.01752222222222222
0 0.30547619047619046 0.6834911111111112 0.008761111111111112 0.014267777777777777
0 0.38075 0.6812377777777778 0.01197936507936508 0.01577
0 0.45557698412698416 0.6832411111111111 0.012873809523809525 0.01677111111111111
0 0.24674126984126984 0.7474466666666667 0.009654761904761906 0.012515555555555556
0 0.1631531746031746 0.8361844444444444 0.013767460317460317 0.01777222222222222
0 0.13597619047619047 0.8660977777777777 0.008761111111111112 0.014518888888888887
0 0.22877222222222224 0.8435688888888889 0.013767460317460317 0.018023333333333336
0 0.28911666666666663 0.8436944444444444 0.012515873015873015 0.019274444444444445
0 0.3415936507936508 0.8358088888888888 0.009476190476190477 0.012015555555555555
0 0.39836190476190475 0.8444444444444444 0.011442857142857144 0.01677111111111111
0 0.4568285714285714 0.8436944444444444 0.012515873015873015 0.018273333333333336
0 0.43000873015873015 0.8814922222222222 0.010012698412698412 0.013266666666666668
0 0.2610452380952381 0.8812411111111111 0.008224603174603174 0.011264444444444443
0 0.6026388888888888 0.8390633333333333 0.014482539682539682 0.019524444444444445
0 0.6342857142857142 0.8854966666666667 0.008403174603174603 0.014267777777777777
0 0.6616420634920636 0.8398144444444444 0.01340952380952381 0.01652111111111111
0 0.5175309523809524 0.7841188888888888 0.010906349206349206 0.011764444444444444
0 0.6782698412698414 0.6796111111111112 0.01197936507936508 0.017021111111111112
0 0.6787166666666666 0.6161555555555556 0.01180079365079365 0.01577
0 0.5984365079365079 0.6818644444444444 0.012157936507936508 0.01602
0 0.5975428571428572 0.6136522222222223 0.013946031746031746 0.01727222222222222
0 0.6248992063492063 0.6032644444444445 0.013230952380952381 0.014017777777777777
0 0.6516293650793651 0.6020122222222222 0.010549206349206348 0.014017777777777777
0 0.537913492063492 0.5689711111111111 0.010191269841269841 0.013016666666666668
0 0.569918253968254 0.5316733333333333 0.011264285714285715 0.01652111111111111
0 0.5144912698412698 0.5386822222222223 0.009119047619047619 0.013016666666666668
0 0.6529698412698413 0.44606555555555555 0.008582539682539683 0.013516666666666668
0 0.668168253968254 0.4008833333333333 0.012157936507936508 0.019775555555555553
0 0.6203396825396825 0.4016333333333333 0.013052380952380952 0.01677111111111111
0 0.46746746031746034 0.40188444444444443 0.011264285714285715 0.01777222222222222
0 0.6746047619047619 0.22803888888888887 0.01180079365079365 0.01752222222222222
0 0.6363420634920635 0.2314177777777778 0.010370634920634919 0.011764444444444444
0 0.6023706349206349 0.22741333333333333 0.012515873015873015 0.01777222222222222
0 0.5567769841269842 0.22378333333333333 0.012157936507936508 0.014518888888888887
0 0.5288841269841269 0.1938711111111111 0.013230952380952381 0.015268888888888887
0 0.466215873015873 0.22716333333333333 0.01340952380952381 0.014768888888888887
0 0.4275055555555555 0.2316688888888889 0.009297619047619048 0.012265555555555556
0 0.5118095238095238 0.3270388888888889 0.010549206349206348 0.01577
0 0.635984126984127 0.3945 0.010012698412698412 0.019024444444444445
0 0.3383753968253968 0.8811166666666667 0.009119047619047619 0.01552
0 0.5910166666666667 0.40488777777777774 0.012337301587301586 0.01627111111111111
0 0.5289738095238095 0.27197 0.013052380952380952 0.01727222222222222