0 0.45071666666666665 0.3824388888888889 0.011110317460317461 0.014517777777777777
0 0.39012698412698416 0.3822311111111111 0.01199920634920635 0.014517777777777777
0 0.49449206349206354 0.34894444444444445 0.008296031746031746 0.011406666666666666
0 0.4946404761904762 0.4156222222222222 0.010962698412698412 0.012443333333333332
0 0.510713492063492 0.40182999999999996 0.007258730158730158 0.012651111111111111
0 0.510120634920635 0.36159555555555556 0.01022142857142857 0.01348111111111111
0 0.5337642857142857 0.4333722222222222 0.009219047619047618 0.013827777777777777
0 0.5411761904761905 0.21781555555555554 0.012338888888888889 0.015281111111111112
0 0.602634126984127 0.22047222222222224 0.01218095238095238 0.015281111111111112
0 0.6056396825396826 0.2505922222222222 0.0071190476190476195 0.012181111111111111
0 0.5498769841269842 0.24572 0.008542063492063491 0.009966666666666667
0 0.4148595238095238 0.23265333333333335 0.010915079365079365 0.01483888888888889
0 0.4406452380952381 0.22910999999999998 0.009333333333333332 0.011294444444444445
0 0.5630857142857143 0.3006444444444445 0.00965 0.010852222222222223
0 0.3959563492063492 0.3081655555555555 0.010696031746031747 0.010781111111111111
0 0.319268253968254 0.23344555555555557 0.011337301587301587 0.016471111111111113
0 0.6178936507936508 0.7067755555555555 0.012192857142857142 0.015573333333333333
0 0.6295515873015873 0.7576866666666667 0.014118253968253967 0.016172222222222223
0 0.2925984126984127 0.22945333333333331 0.009384920634920635 0.01313888888888889