0 0.15402301587301587 0.802668888888889 0.009537301587301587 0.012462222222222222
0 0.20472857142857143 0.7865355555555555 0.01049047619047619 0.014464444444444445
0 0.2143452380952381 0.77463 0.010014285714285715 0.012906666666666667
0 0.2177626984126984 0.648788888888889 0.009537301587301587 0.010904444444444444
0 0.20639761904761905 0.6358822222222221 0.008742063492063492 0.013574444444444445
0 0.1541825396825397 0.6026144444444445 0.007947619047619047 0.011126666666666667
0 0.21156349206349204 0.5112655555555556 0.011444444444444443 0.01669
0 0.34007539682539684 0.40745444444444445 0.008424603174603175 0.012016666666666667
0 0.3605793650793651 0.4038933333333333 0.01223888888888889 0.01646777777777778
0 0.396502380952381 0.40834444444444445 0.009377777777777778 0.012906666666666667
0 0.32505396825396826 0.4076766666666667 0.009537301587301587 0.013352222222222222
0 0.30391349206349205 0.37930444444444444 0.011762698412698414 0.01669
0 0.2165706349206349 0.42169666666666666 0.008424603174603175 0.012462222222222222
0 0.21156349206349204 0.4702077777777778 0.009854761904761904 0.012906666666666667
0 0.20751031746031748 0.39276777777777777 0.009377777777777778 0.01068111111111111
0 0.15489761904761906 0.3685111111111111 0.008106349206349206 0.011126666666666667
0 0.24867857142857142 0.3497077777777778 0.008424603174603175 0.01223888888888889
0 0.2588515873015873 0.3667311111111111 0.01065 0.012462222222222222
0 0.2739515873015873 0.24178 0.009377777777777778 0.012684444444444444
0 0.30796666666666667 0.23799666666666663 0.013192857142857142 0.018915555555555557
0 0.37909761904761907 0.23866444444444446 0.0133515873015873 0.019360000000000002
0 0.3457976190476191 0.24222555555555558 0.008742063492063492 0.013128888888888888
0 0.4170865079365079 0.2423366666666667 0.008583333333333333 0.013352222222222222
0 0.46675873015873015 0.23877555555555555 0.011603174603174603 0.013796666666666667
0 0.5918531746031747 0.23788555555555554 0.01065 0.013352222222222222
0 0.4882968253968254 0.28472888888888886 0.009219047619047618 0.012684444444444444
0 0.5770706349206349 0.28361555555555557 0.009696031746031746 0.012684444444444444
0 0.5374126984126983 0.3222244444444444 0.009854761904761904 0.011571111111111112
0 0.4522150793650794 0.35694 0.007947619047619047 0.01068111111111111
0 0.417484126984127 0.4042277777777778 0.013192857142857142 0.01669
0 0.4737523809523809 0.3787477777777778 0.010967460317460317 0.013796666666666667
0 0.47534206349206354 0.42692555555555556 0.011285714285714284 0.014464444444444445
0 0.49632380952380956 0.41591 0.008106349206349206 0.013796666666666667
0 0.6953301587301587 0.3875377777777778 0.010014285714285715 0.017134444444444445
0 0.7036746031746031 0.35905333333333334 0.009854761904761904 0.012684444444444444