0 0.15696428571428572 0.17738777777777778 0.011003174603174602 0.016847777777777777
0 0.15756587301587302 0.25308555555555556 0.011519047619047618 0.018533333333333336
0 0.22315396825396824 0.22420222222222222 0.013753968253968255 0.018052222222222223
0 0.2952746031746032 0.2238411111111111 0.012894444444444444 0.015885555555555556
0 0.2565063492063492 0.23623666666666668 0.008939682539682539 0.009867777777777777
0 0.17699285714285715 0.21036222222222223 0.009111904761904762 0.011072222222222223
0 0.3363634920634921 0.21421333333333334 0.010487301587301587 0.015885555555555556
0 0.3454753968253968 0.25236333333333333 0.007736507936507936 0.01083111111111111
0 0.3951603174603175 0.2236011111111111 0.01083095238095238 0.015885555555555556
0 0.266134126984127 0.4011088888888889 0.012034126984126984 0.01708888888888889
0 0.2186833333333333 0.40074777777777776 0.012034126984126984 0.015404444444444443
0 0.31917142857142855 0.40135 0.012894444444444444 0.016126666666666664
0 0.3666214285714286 0.40147 0.011519047619047618 0.01829222222222222
0 0.41579126984126985 0.40135 0.011174603174603176 0.01708888888888889
0 0.1678809523809524 0.48005555555555557 0.011174603174603176 0.016126666666666664
0 0.3511492063492063 0.4385366666666667 0.00979920634920635 0.012997777777777778
0 0.24541746031746034 0.4385366666666667 0.009455555555555556 0.011553333333333334
0 0.1676230158730159 0.60389 0.011346825396825397 0.017329999999999998
0 0.23398492063492063 0.6126755555555555 0.010315079365079366 0.013718888888888888
0 0.30920000000000003 0.6112311111111111 0.010143650793650793 0.015163333333333332
0 0.38355634920634923 0.6114722222222222 0.01340952380952381 0.016126666666666664
0 0.30911428571428573 0.6780222222222222 0.01065873015873016 0.015885555555555556
0 0.23398492063492063 0.6786244444444445 0.011346825396825397 0.016126666666666664
0 0.3839 0.6780222222222222 0.01340952380952381 0.016366666666666668
0 0.1627420634920635 0.8286088888888888 0.014573809523809524 0.019270000000000002
0 0.20737460317460318 0.8385277777777778 0.012347619047619048 0.01643666666666667
0 0.2598007936507936 0.8351266666666667 0.010727777777777777 0.015868888888888887
0 0.3190071428571428 0.8349855555555555 0.011740476190476192 0.015585555555555557
0 0.37224285714285715 0.8704077777777778 0.010525396825396825 0.014452222222222222
0 0.4201134920634921 0.8356933333333333 0.011132539682539683 0.015302222222222222
0 0.2100063492063492 0.8932199999999999 0.008299206349206348 0.013035555555555555
0 0.28621587301587303 0.8902444444444444 0.007692063492063492 0.012185555555555555
0 0.38084523809523807 0.8926533333333333 0.007894444444444444 0.012468888888888889
0 0.4412666666666667 0.8916611111111111 0.007287301587301587 0.012752222222222222
0 0.46766587301587303 0.835778888888889 0.011891269841269841 0.01716777777777778
0 0.5320468253968254 0.8611411111111111 0.01282063492063492 0.01638777777777778
0 0.5343698412698413 0.8894944444444445 0.0070603174603174595 0.011705555555555554
0 0.6026523809523809 0.836168888888889 0.010962698412698412 0.017427777777777778
0 0.6283857142857143 0.8894944444444445 0.006688888888888889 0.012225555555555555
0 0.6616444444444444 0.835778888888889 0.011891269841269841 0.01664777777777778
0 0.5316753968253968 0.798711111111111 0.011334126984126985 0.016907777777777775
0 0.5491412698412699 0.7438255555555556 0.009847619047619048 0.012225555555555555
0 0.6768801587301587 0.6728111111111111 0.013006349206349205 0.01638777777777778
0 0.45651825396825396 0.6782744444444445 0.01151984126984127 0.017427777777777778
0 0.5037119047619047 0.6388655555555556 0.011891269841269841 0.013526666666666666
0 0.6051603174603175 0.6564233333333334 0.012262698412698413 0.01638777777777778
0 0.6766015873015874 0.60739 0.014307142857142859 0.01664777777777778
0 0.6053460317460317 0.6083011111111111 0.010776190476190476 0.01638777777777778
0 0.6266206349206349 0.58658 0.006874603174603175 0.015607777777777778
0 0.6563492063492063 0.58684 0.01059047619047619 0.013006666666666666
0 0.4570753968253968 0.6115522222222223 0.012262698412698413 0.015607777777777778
0 0.5502555555555556 0.5601777777777778 0.009847619047619048 0.012745555555555555
0 0.5790555555555555 0.5407988888888888 0.00836111111111111 0.01612777777777778
0 0.5794269841269841 0.49787777777777775 0.009847619047619048 0.014566666666666665
0 0.5098436507936508 0.5065922222222222 0.011891269841269841 0.017427777777777778
0 0.5120730158730159 0.45990000000000003 0.009661904761904762 0.011965555555555556
0 0.46413571428571426 0.4005911111111111 0.011148412698412699 0.017688888888888886
0 0.590481746031746 0.39876999999999996 0.010404761904761905 0.015086666666666667
0 0.617702380952381 0.3965588888888889 0.011334126984126985 0.01846888888888889
0 0.674279365079365 0.39708 0.010776190476190476 0.01586777777777778
0 0.6465944444444445 0.4267333333333333 0.008546825396825396 0.012225555555555555
0 0.5119801587301587 0.3185222222222222 0.007618253968253968 0.011705555555555554
0 0.6622023809523809 0.22227666666666668 0.011891269841269841 0.01898888888888889
0 0.6034880952380952 0.22292666666666666 0.012262698412698413 0.01664777777777778
0 0.5287023809523809 0.2557022222222222 0.012076984126984125 0.017688888888888886
0 0.4666444444444445 0.22318666666666667 0.011705555555555556 0.015607777777777778
0 0.5292603174603174 0.1900211111111111 0.01059047619047619 0.016907777777777775
0 0.5934547619047619 0.46081 0.007803968253968254 0.01586777777777778
0 0.1479920634920635 0.85776 0.007618253968253968 0.013266666666666668
0 0.25036984126984124 0.7434355555555555 0.010219047619047619 0.012485555555555555
0 0.2819563492063492 0.5900922222222222 0.00836111111111111 0.01586777777777778
0 0.4291119047619048 0.5902222222222222 0.01059047619047619 0.014046666666666667
0 0.4044928571428571 0.5904822222222222 0.009661904761904762 0.010925555555555555
0 0.26161031746031743 0.5894411111111112 0.009661904761904762 0.014566666666666665