0 0.33311031746031744 0.6132222222222222 0.013040476190476191 0.019346666666666668
0 0.28523095238095236 0.6117233333333334 0.011483333333333333 0.01743888888888889
0 0.2376436507936508 0.5763011111111112 0.008953174603174604 0.011444444444444445
0 0.30625079365079366 0.5580444444444445 0.011872222222222223 0.010354444444444444
0 0.33564047619047616 0.5272544444444445 0.008758730158730159 0.014168888888888889
0 0.3475126984126984 0.5395155555555556 0.010704761904761904 0.014168888888888889
0 0.59045 0.12421888888888889 0.008873015873015873 0.011555555555555555
0 0.5458801587301587 0.1786722222222222 0.012587301587301586 0.015311111111111112
0 0.6060285714285715 0.17939444444444444 0.01196825396825397 0.015600000000000001
0 0.6888753968253968 0.16552777777777777 0.009285714285714286 0.012133333333333335
0 0.5906563492063492 0.23312666666666665 0.00846031746031746 0.009822222222222224
0 0.611084126984127 0.2725577777777778 0.009285714285714286 0.012422222222222222
0 0.5468087301587301 0.2731355555555555 0.009492063492063491 0.011844444444444444
0 0.5827119047619048 0.32990111111111114 0.011555555555555555 0.012711111111111112
0 0.6425515873015872 0.3306233333333333 0.009904761904761904 0.013577777777777779
0 0.6116 0.37222222222222223 0.009492063492063491 0.012422222222222222
0 0.5460865079365079 0.3723666666666667 0.010111111111111112 0.010977777777777777
0 0.54165 0.43028666666666665 0.009492063492063491 0.011266666666666668
0 0.5788952380952381 0.4737633333333333 0.011349206349206348 0.011555555555555555
0 0.6201634920634921 0.47491888888888895 0.010936507936507937 0.013288888888888888
0 0.5327769841269842 0.48878444444444447 0.012380952380952381 0.017333333333333333
0 0.6589555555555555 0.4879177777777778 0.008873015873015873 0.015022222222222222
0 0.6655587301587302 0.5035177777777777 0.009285714285714286 0.015022222222222222
0 0.6590587301587301 0.5329833333333334 0.011555555555555555 0.015600000000000001
0 0.6702015873015874 0.5218622222222222 0.009492063492063491 0.011844444444444444
0 0.612115873015873 0.6015922222222222 0.009285714285714286 0.013577777777777779
0 0.5464992063492063 0.6007255555555555 0.0096984126984127 0.014155555555555557
0 0.6897007936507936 0.6572022222222222 0.008873015873015873 0.014444444444444444
0 0.6391468253968254 0.6496911111111111 0.010111111111111112 0.011555555555555555
0 0.5817833333333333 0.64218 0.010111111111111112 0.013866666666666666
0 0.6116 0.6829122222222223 0.00907936507936508 0.013288888888888888
0 0.5464992063492063 0.6833455555555555 0.0096984126984127 0.011844444444444444
0 0.5940611111111112 0.7503655555555555 0.009492063492063491 0.013
0 0.5375230158730159 0.758021111111111 0.00907936507936508 0.013288888888888888
0 0.6591619047619048 0.7496433333333333 0.009285714285714286 0.012133333333333335
0 0.6904230158730159 0.48994 0.009492063492063491 0.015022222222222222
0 0.5183333333333333 0.7343333333333333 0.009904761904761904 0.013288888888888888
0 0.6820666666666667 0.80742 0.008047619047619048 0.0104