0 0.36525873015873017 0.21271444444444446 0.01211111111111111 0.015414444444444444
0 0.42540079365079364 0.22870666666666667 0.012386507936507935 0.01579888888888889
0 0.5933039682539683 0.1676277777777778 0.012386507936507935 0.015414444444444444
0 0.6033507936507937 0.22947666666666666 0.013762698412698412 0.016569999999999998
0 0.5228396825396825 0.34566 0.009634126984126985 0.012331111111111112
0 0.6061031746031745 0.34276999999999996 0.01101031746031746 0.013487777777777777
0 0.6128468253968253 0.3899755555555556 0.008532539682539683 0.015414444444444444
0 0.4887087301587301 0.4202255555555556 0.009083333333333334 0.013487777777777777
0 0.4329698412698413 0.38593 0.008257142857142857 0.012716666666666668
0 0.5639896825396826 0.42697 0.01211111111111111 0.016955555555555554
0 0.6132595238095238 0.4431544444444444 0.009358730158730158 0.013872222222222222
0 0.4881579365079365 0.4707066666666666 0.009634126984126985 0.013487777777777777
0 0.4971039682539683 0.48284555555555553 0.01101031746031746 0.01156
0 0.564815873015873 0.4728266666666666 0.008807936507936508 0.013102222222222222
0 0.613397619047619 0.5121322222222222 0.010734920634920634 0.015414444444444444
0 0.5443095238095238 0.5208033333333333 0.011835714285714286 0.01579888888888889
0 0.36539603174603175 0.47494555555555557 0.010734920634920634 0.01579888888888889
0 0.36608412698412696 0.5583744444444444 0.01211111111111111 0.014643333333333333
0 0.3582396825396825 0.64662 0.010734920634920634 0.016955555555555554
0 0.407234126984127 0.6456566666666667 0.014038095238095238 0.01734111111111111
0 0.35975317460317463 0.7381411111111111 0.013211904761904762 0.015028888888888889
0 0.4054452380952381 0.73949 0.01156031746031746 0.018496666666666668
0 0.35851507936507937 0.8375622222222223 0.012386507936507935 0.01888222222222222
0 0.4061333333333333 0.8377544444444445 0.010184126984126983 0.015414444444444444
0 0.4658626984126984 0.8466177777777778 0.010734920634920634 0.013872222222222222
0 0.5942674603174604 0.7416088888888889 0.01211111111111111 0.01734111111111111
0 0.5945428571428572 0.8421866666666668 0.01156031746031746 0.01734111111111111
0 0.6062404761904762 0.6631900000000001 0.014038095238095238 0.019267777777777776
0 0.5565579365079365 0.6591444444444444 0.009358730158730158 0.011175555555555555
0 0.5015079365079365 0.6564466666666667 0.009908730158730158 0.012716666666666668
0 0.5382539682539682 0.6063511111111111 0.010734920634920634 0.01579888888888889
0 0.6044515873015873 0.5999922222222223 0.008257142857142857 0.013102222222222222
0 0.6128468253968253 0.6200311111111111 0.009634126984126985 0.013872222222222222
0 0.6131222222222222 0.5645399999999999 0.008532539682539683 0.013102222222222222
0 0.6044515873015873 0.543731111111111 0.008257142857142857 0.014643333333333333
0 0.5715595238095238 0.5458511111111111 0.010184126984126983 0.011945555555555556
0 0.485818253968254 0.6115533333333333 0.009358730158730158 0.013872222222222222
0 0.5074253968253969 0.5984511111111112 0.006880952380952381 0.01079
0 0.5604380952380953 0.18762444444444443 0.011216666666666668 0.017327777777777775
0 0.5407126984126984 0.33436777777777776 0.007348412698412699 0.011371111111111111
0 0.525918253968254 0.44144666666666665 0.011023015873015872 0.013266666666666668
0 0.5566666666666666 0.57587 0.009476190476190477 0.01516111111111111
0 0.5532825396825397 0.5941455555555556 0.008896031746031745 0.012183333333333334
0 0.5117039682539682 0.5092677777777778 0.008896031746031745 0.014078888888888889
0 0.45078730158730157 0.8164255555555555 0.010056349206349206 0.013807777777777778
0 0.48359761904761905 0.29646333333333336 0.009211111111111111 0.010029999999999999
0 0.5779238095238095 0.25993777777777777 0.00928015873015873 0.01144111111111111
0 0.5549317460317461 0.3462277777777778 0.009834126984126983 0.012216666666666667
0 0.5729373015873016 0.40624333333333335 0.010665079365079365 0.009695555555555556
0 0.6038246031746032 0.42728333333333335 0.012050000000000002 0.012604444444444444
0 0.4596388888888889 0.4382377777777778 0.008453968253968254 0.012054444444444444
0 0.39099047619047617 0.5215244444444445 0.00861031746031746 0.011616666666666666
0 0.571897619047619 0.6320777777777777 0.0074317460317460315 0.011147777777777777
0 0.5850801587301587 0.6344311111111112 0.009024603174603175 0.010404444444444445
0 0.48156507936507936 0.6786511111111111 0.011147619047619049 0.013130000000000001
0 0.45962380952380955 0.6801366666666666 0.009732539682539683 0.012138888888888888
0 0.5985285714285714 0.7876511111111111 0.010439682539682539 0.013625555555555556
0 0.5889642857142857 0.4592588888888889 0.009779365079365079 0.010454444444444445