0 0.24048650793650794 0.2944788888888889 0.017352380952380952 0.01899888888888889
0 0.32702619047619047 0.29292222222222225 0.014682539682539682 0.01899888888888889
0 0.37296587301587303 0.27999666666666667 0.015795238095238095 0.01681888888888889
0 0.2577277777777778 0.4011522222222222 0.015795238095238095 0.016195555555555553
0 0.27964047619047616 0.47263111111111117 0.013347619047619047 0.01962111111111111
0 0.34971746031746026 0.4991044444444444 0.016907142857142857 0.01899888888888889
0 0.41990634920634917 0.5020633333333333 0.01357063492063492 0.019933333333333334
0 0.4738539682539683 0.4776144444444444 0.009788888888888889 0.014015555555555555
0 0.46150714285714284 0.3591055555555555 0.011790476190476191 0.020555555555555556
0 0.3874261904761905 0.5054888888888889 0.009121428571428572 0.011212222222222222
0 0.4002174603174603 0.41252 0.008898412698412699 0.01277
0 0.4528309523809524 0.44942777777777776 0.011346031746031746 0.011835555555555556
0 0.4948777777777778 0.3813744444444444 0.009565873015873015 0.015884444444444444
0 0.303 0.4871133333333334 0.012903174603174604 0.013704444444444444
0 0.2897626984126984 0.5441088888888889 0.014905555555555556 0.019933333333333334
0 0.3003301587301587 0.6121622222222223 0.012903174603174604 0.01962111111111111
0 0.33725952380952384 0.58709 0.008453968253968254 0.012457777777777778
0 0.36039603174603174 0.5875566666666667 0.008453968253968254 0.01713
0 0.38609126984126985 0.5875566666666667 0.013125396825396825 0.01526111111111111
0 0.42680238095238093 0.5866222222222223 0.009121428571428572 0.014015555555555555
0 0.42368809523809525 0.6320944444444445 0.010455555555555556 0.016506666666666666
0 0.4087825396825397 0.6442411111111112 0.012235714285714286 0.01277
0 0.28253253968253966 0.6391022222222222 0.008898412698412699 0.014326666666666666
0 0.287315873015873 0.66542 0.01090079365079365 0.012146666666666667
0 0.3104523809523809 0.6805255555555555 0.01357063492063492 0.019933333333333334
0 0.34916190476190473 0.7289566666666666 0.011790476190476191 0.01526111111111111
0 0.42035079365079364 0.6946966666666667 0.010455555555555556 0.014015555555555555
0 0.42969444444444443 0.6814600000000001 0.012235714285714286 0.014326666666666666
0 0.4846436507936508 0.67819 0.008676190476190476 0.010901111111111111
0 0.4841992063492063 0.6029744444444445 0.00823095238095238 0.013704444444444444
0 0.5442650793650794 0.586 0.010011111111111111 0.01277
0 0.543931746031746 0.6605933333333334 0.009343650793650795 0.013081111111111111
0 0.4191277777777778 0.7769211111111111 0.008453968253968254 0.014637777777777779
0 0.46673571428571425 0.7777000000000001 0.009788888888888889 0.015572222222222223
0 0.4191277777777778 0.8613244444444444 0.009343650793650795 0.010901111111111111
0 0.46606825396825396 0.860078888888889 0.008008730158730158 0.013392222222222222
0 0.5265785714285715 0.8621033333333333 0.009788888888888889 0.015572222222222223
0 0.5965444444444444 0.8596122222222222 0.011346031746031746 0.014950000000000001
0 0.5976571428571428 0.7797244444444444 0.011346031746031746 0.014015555555555555
0 0.6104492063492063 0.7680444444444444 0.011123015873015873 0.013081111111111111
0 0.603552380952381 0.7283344444444445 0.007563492063492063 0.011523333333333333
0 0.6032190476190477 0.6605933333333334 0.010455555555555556 0.012457777777777778
0 0.6090031746031745 0.5858444444444445 0.007786507936507936 0.011835555555555556
0 0.5440428571428572 0.5134311111111112 0.008676190476190476 0.01526111111111111
0 0.5444873015873016 0.4648444444444445 0.011790476190476191 0.012146666666666667
0 0.609336507936508 0.5092266666666667 0.008453968253968254 0.017441111111111112
0 0.5314730158730159 0.2222222222222222 0.011568253968253967 0.02149
0 0.5764119047619047 0.2457366666666667 0.010233333333333334 0.017441111111111112
0 0.5739642857142857 0.3094288888888889 0.007563492063492063 0.013392222222222222
0 0.5884246031746031 0.32157555555555556 0.008008730158730158 0.013392222222222222
0 0.621015873015873 0.22331222222222222 0.012235714285714286 0.017441111111111112
0 0.2693920634920635 0.3404788888888889 0.013881746031746032 0.013567777777777778
0 0.34338650793650793 0.2579722222222222 0.012572222222222222 0.015034444444444444
0 0.6709261904761905 0.21946888888888888 0.013881746031746032 0.018701111111111113
0 0.6914873015873015 0.28162444444444446 0.011524603174603175 0.013934444444444444
0 0.7009166666666666 0.3193933333333333 0.012048412698412699 0.018334444444444445
0 0.6112063492063492 0.4118022222222222 0.01073888888888889 0.013201111111111111
0 0.47264761904761904 0.5373955555555556 0.009691269841269841 0.013567777777777778
0 0.5251634920634921 0.7775822222222222 0.011524603174603175 0.015034444444444444
0 0.6337325396825396 0.8269033333333333 0.013357936507936508 0.018334444444444445
0 0.6931896825396826 0.7966511111111111 0.013357936507936508 0.018701111111111113
0 0.6929277777777777 0.8641233333333332 0.01231031746031746 0.02016888888888889
0 0.6203738095238095 0.8857588888888889 0.010215079365079366 0.012834444444444445
0 0.6669968253968254 0.8263533333333334 0.01231031746031746 0.012834444444444445
0 0.6783912698412699 0.73853 0.011524603174603175 0.011734444444444445
0 0.4074277777777778 0.5746155555555555 0.011262698412698412 0.015401111111111112
0 0.26469365079365076 0.5212366666666667 0.009055555555555555 0.014627777777777778