0 0.6675349206349207 0.4183511111111111 0.008841269841269843 0.013262222222222222
0 0.5120714285714286 0.3744388888888889 0.008210317460317461 0.010904444444444444
0 0.5748039682539682 0.4168777777777778 0.009894444444444445 0.011494444444444444
0 0.6137492063492064 0.41776222222222226 0.009894444444444445 0.012083333333333333
0 0.6283793650793651 0.41746666666666665 0.008841269841269843 0.012083333333333333
0 0.6689031746031746 0.37399666666666664 0.008630952380952382 0.01061
0 0.6105912698412699 0.3737011111111111 0.007788888888888889 0.011788888888888889
0 0.4751261904761905 0.37414333333333333 0.00799920634920635 0.011494444444444444
0 0.4555484126984127 0.39418444444444445 0.00799920634920635 0.011494444444444444
0 0.4720738095238095 0.4182033333333333 0.009473015873015873 0.01061
0 0.45839047619047624 0.4180566666666667 0.006526190476190476 0.010315555555555555
0 0.6889015873015872 0.20070222222222223 0.007788888888888889 0.01119888888888889
0 0.5833301587301587 0.22207000000000002 0.0075785714285714284 0.010315555555555555
0 0.5796460317460318 0.26259333333333335 0.009052380952380952 0.011788888888888889
0 0.5381746031746032 0.22133222222222224 0.008210317460317461 0.01119888888888889
0 0.49944047619047616 0.22207000000000002 0.008630952380952382 0.010315555555555555
0 0.48975714285714284 0.24314222222222223 0.008210317460317461 0.011788888888888889
0 0.5001777777777777 0.2624455555555556 0.00842063492063492 0.009725555555555555
0 0.4623904761904762 0.2231011111111111 0.007788888888888889 0.01119888888888889
0 0.42344603174603174 0.2225111111111111 0.007788888888888889 0.012967777777777778
0 0.4080785714285714 0.22236444444444445 0.008630952380952382 0.011494444444444444
0 0.43576031746031746 0.2634777777777778 0.0075785714285714284 0.01119888888888889
0 0.3219785714285714 0.22147999999999998 0.008630952380952382 0.013852222222222222
0 0.25871984126984127 0.2147011111111111 0.00799920634920635 0.010315555555555555
0 0.22745873015873017 0.28587555555555555 0.009894444444444445 0.011788888888888889
0 0.32734682539682536 0.28823333333333334 0.008841269841269843 0.011788888888888889
0 0.32429444444444444 0.31402111111111114 0.009473015873015873 0.012083333333333333
0 0.2175642857142857 0.3650077777777778 0.008630952380952382 0.009725555555555555
0 0.3035984126984127 0.41797666666666666 0.009429365079365079 0.011973333333333334
0 0.3190579365079365 0.4184366666666666 0.00920952380952381 0.014122222222222222
0 0.3814436507936508 0.41767000000000004 0.008113492063492064 0.011358888888888889
0 0.39580714285714286 0.41767000000000004 0.0074555555555555555 0.010744444444444445
0 0.21697460317460318 0.4898322222222222 0.009418253968253968 0.012208888888888889
0 0.1996126984126984 0.5316188888888889 0.00881984126984127 0.011697777777777777
0 0.20538571428571428 0.6334633333333334 0.008824603174603174 0.011557777777777778
0 0.17891666666666667 0.8022577777777777 0.009053174603174603 0.01022888888888889
0 0.19972301587301589 0.7928077777777778 0.0081 0.011784444444444445
0 0.20599603174603176 0.77691 0.007306349206349206 0.010673333333333333
0 0.22308730158730158 0.8929855555555556 0.006731746031746031 0.012566666666666665
0 0.16143809523809524 0.3944155555555555 0.007982539682539683 0.011946666666666666
0 0.16143809523809524 0.3025077777777778 0.009083333333333334 0.013873333333333333
0 0.2097412698412698 0.27018111111111115 0.006720634920634921 0.00924
0 0.22656349206349205 0.21867 0.008813492063492063 0.012032222222222224
0 0.2860587301587302 0.2184866666666667 0.008928571428571428 0.012691111111111111
0 0.33091031746031746 0.19281555555555555 0.006173015873015873 0.008606666666666665
0 0.36685079365079365 0.20986333333333332 0.006508730158730159 0.009313333333333333
0 0.36347777777777773 0.2751544444444444 0.005633333333333334 0.008913333333333334
0 0.4387595238095238 0.21016 0.006134920634920635 0.008365555555555557
0 0.4780357142857143 0.21018444444444445 0.006538095238095238 0.008927777777777778
0 0.514547619047619 0.21041666666666667 0.006181746031746032 0.008365555555555557
0 0.48889920634920636 0.2754211111111111 0.006251587301587301 0.009446666666666666
0 0.44812857142857143 0.27571 0.005794444444444445 0.008997777777777778
0 0.5536388888888889 0.21051444444444445 0.006580952380952381 0.008561111111111111
0 0.6163738095238096 0.21013555555555555 0.006204761904761906 0.009344444444444443
0 0.606236507936508 0.27569444444444446 0.0061095238095238095 0.00845111111111111
0 0.6911134920634922 0.23776666666666668 0.00855873015873016 0.010673333333333333
0 0.7081126984126984 0.3703533333333333 0.005684920634920635 0.008245555555555555
0 0.6844761904761905 0.3626955555555556 0.005668253968253968 0.008682222222222223
0 0.7167357142857144 0.4119044444444444 0.00867936507936508 0.011013333333333333
0 0.6797341269841269 0.43017 0.006309523809523809 0.008166666666666666
0 0.6404952380952381 0.4312811111111111 0.006722222222222222 0.009421111111111111
0 0.6255515873015873 0.36286222222222225 0.006214285714285714 0.00868111111111111
0 0.602236507936508 0.4305877777777778 0.006015079365079366 0.00905111111111111
0 0.5746325396825397 0.31414333333333333 0.005579365079365079 0.008745555555555555
0 0.5638793650793651 0.43093333333333333 0.006199206349206349 0.008726666666666667
0 0.5271531746031746 0.3624455555555556 0.00638015873015873 0.008862222222222223
0 0.5514206349206349 0.32821666666666666 0.0021833333333333336 0.003318888888888889
0 0.4905285714285714 0.36235 0.006039682539682539 0.009361111111111112
0 0.4992436507936508 0.4303255555555555 0.006320634920634921 0.008612222222222223
0 0.44357936507936513 0.43016 0.0062833333333333335 0.008282222222222222
0 0.4110992063492064 0.4297755555555556 0.008166666666666668 0.010452222222222222
0 0.3666746031746032 0.4309922222222222 0.006111111111111111 0.008965555555555555
0 0.36533809523809524 0.3624055555555556 0.006586507936507936 0.008982222222222223
0 0.3447388888888889 0.37410777777777776 0.006335714285714286 0.009847777777777776
0 0.3160246031746032 0.3627666666666667 0.0063023809523809525 0.008723333333333335
0 0.3065984126984127 0.37409555555555557 0.005647619047619047 0.008354444444444444
0 0.28911666666666663 0.43045555555555554 0.006030952380952381 0.009363333333333333
0 0.332984126984127 0.43033444444444446 0.005923809523809524 0.00863
0 0.2506420634920635 0.41754 0.006776190476190476 0.008521111111111111
0 0.2537095238095238 0.37191 0.005560317460317461 0.00790111111111111
0 0.2150595238095238 0.3864922222222222 0.005953968253968254 0.009627777777777779
0 0.21450555555555556 0.4603855555555556 0.008652380952380951 0.012356666666666665
0 0.21753730158730158 0.5190066666666667 0.006886507936507936 0.009505555555555555
0 0.21456666666666666 0.5876322222222222 0.008775396825396825 0.012713333333333333
0 0.16138095238095237 0.6266166666666667 0.005625396825396825 0.008958888888888888
0 0.2145277777777778 0.7135522222222223 0.009765079365079365 0.01240888888888889
0 0.16118809523809524 0.7364288888888888 0.006306349206349206 0.008828888888888888
0 0.2145547619047619 0.8056677777777778 0.00626031746031746 0.010272222222222223
0 0.15246904761904762 0.8272111111111111 0.008801587301587302 0.012
0 0.21485873015873014 0.8643288888888889 0.006512698412698413 0.0085