0 0.24799126984126985 0.42822 0.009881746031746031 0.0112
0 0.24740317460317462 0.5543811111111111 0.010588095238095238 0.013834444444444444
0 0.5511571428571429 0.6660477777777778 0.008705555555555555 0.013175555555555555
0 0.5506865079365079 0.6368955555555555 0.009646825396825397 0.012187777777777778
0 0.5510396825396826 0.8460644444444444 0.008 0.011528888888888889
0 0.6357428571428572 0.5784266666666666 0.008940476190476191 0.01185888888888889
0 0.5506865079365079 0.45704333333333336 0.008705555555555555 0.012187777777777778
0 0.5509222222222222 0.4278911111111111 0.007764285714285714 0.0112
0 0.7039801587301587 0.32633666666666666 0.007893650793650793 0.012432222222222223
0 0.7055833333333333 0.30734333333333336 0.007153174603174603 0.014503333333333333
0 0.5506785714285715 0.24691111111111108 0.00961984126984127 0.011741111111111112
0 0.6357777777777778 0.7866622222222223 0.010113492063492064 0.01105111111111111
0 0.63535 0.3034177777777778 0.008076190476190476 0.013263333333333334
0 0.3313007936507937 0.4738255555555556 0.008555555555555556 0.01243
0 0.3303238095238095 0.40576111111111113 0.008477777777777777 0.012385555555555556
0 0.34628888888888887 0.43583777777777777 0.006472222222222222 0.008584444444444445
0 0.29468253968253966 0.5351455555555557 0.0028896825396825393 0.004977777777777777
0 0.30601428571428574 0.5353466666666666 0.004235714285714285 0.00477
0 0.29439603174603174 0.6208144444444444 0.0027523809523809523 0.003941111111111111
0 0.3055880952380952 0.6206533333333334 0.0029484126984126984 0.00301
0 0.3656460317460318 0.5664633333333333 0.002984126984126984 0.0042677777777777775
0 0.3654095238095238 0.5875 0.0033817460317460317 0.004921111111111111
0 0.5303492063492063 0.28472555555555557 0.007969047619047619 0.01125888888888889
0 0.5903539682539682 0.28497 0.0079 0.014196666666666666
0 0.6847769841269842 0.2619266666666667 0.0073023809523809526 0.012993333333333332
0 0.7323428571428572 0.26265666666666665 0.009752380952380952 0.011191111111111112
0 0.6831420634920635 0.37224444444444443 0.008245238095238095 0.009847777777777776
0 0.7306626984126985 0.3732888888888889 0.008833333333333334 0.01267
0 0.5899246031746032 0.37372666666666665 0.009144444444444445 0.01281
0 0.5301611111111111 0.39145222222222226 0.008734126984126983 0.012265555555555556
0 0.5302920634920635 0.49422333333333335 0.009188888888888889 0.011708888888888888
0 0.5901285714285714 0.5112011111111111 0.008954761904761905 0.012533333333333334
0 0.5899380952380953 0.5815122222222222 0.009204761904761905 0.012674444444444443
0 0.5302087301587302 0.6003555555555555 0.008707142857142856 0.011486666666666666
0 0.5304222222222222 0.7014211111111112 0.008818253968253968 0.012173333333333333
0 0.5897301587301588 0.7188011111111111 0.009104761904761905 0.012476666666666667
0 0.5900888888888889 0.7926377777777778 0.008876190476190477 0.012157777777777778
0 0.5302365079365079 0.80884 0.008763492063492063 0.012314444444444444
0 0.7009619047619048 0.7083933333333333 0.00973968253968254 0.012423333333333333
0 0.713586507936508 0.6393022222222222 0.00943015873015873 0.012072222222222222
0 0.7133912698412698 0.5599444444444445 0.009354761904761906 0.011507777777777776
0 0.7017063492063492 0.4935811111111111 0.00902063492063492 0.012191111111111111
0 0.7045507936507936 0.5224077777777778 0.005874603174603174 0.00844
0 0.7035563492063491 0.6799844444444444 0.005461904761904762 0.008175555555555556