0 0.2696349206349206 0.3721588888888889 0.011094444444444443 0.014008888888888888
0 0.24266031746031747 0.4543877777777778 0.013269841269841268 0.01522777777777778
0 0.2966087301587302 0.5813844444444445 0.01500952380952381 0.01522777777777778
0 0.2955214285714286 0.7403588888888888 0.012399206349206349 0.016445555555555554
0 0.26093333333333335 0.78863 0.009788888888888889 0.013704444444444444
0 0.36056428571428567 0.8749699999999999 0.008919047619047618 0.013399999999999999
0 0.4446412698412698 0.8306577777777778 0.006961111111111111 0.011267777777777778
0 0.5096849206349207 0.8764922222222222 0.008266666666666667 0.011573333333333333
0 0.5267611111111111 0.821521111111111 0.007613492063492064 0.013704444444444444
0 0.5566722222222222 0.8222822222222222 0.010006349206349206 0.012791111111111112
0 0.6245126984126984 0.8308422222222223 0.011715079365079366 0.012235555555555557
0 0.6094507936507937 0.8221211111111111 0.008367460317460319 0.010933333333333333
0 0.6524047619047618 0.87575 0.009483333333333333 0.012495555555555555