0 0.5760904761904762 0.2652966666666667 0.007635714285714286 0.010481111111111111
0 0.4970611111111111 0.26547444444444446 0.00766031746031746 0.010837777777777778
0 0.6501603174603175 0.26481 0.008354761904761905 0.011454444444444444
0 0.6885198412698413 0.3567411111111111 0.008257936507936508 0.01197
0 0.5201507936507936 0.4023333333333333 0.008617460317460317 0.011538888888888888
0 0.4916428571428571 0.35767000000000004 0.008191269841269841 0.011512222222222222
0 0.3532468253968254 0.38878555555555555 0.010002380952380952 0.011085555555555555
0 0.23712142857142857 0.39693555555555554 0.007708730158730159 0.012796666666666666
0 0.24583174603174604 0.3800888888888889 0.00888968253968254 0.010605555555555556
0 0.2758603174603175 0.39682222222222224 0.008531746031746031 0.015412222222222223
0 0.27886190476190476 0.38029222222222225 0.007719047619047619 0.01168888888888889
0 0.298618253968254 0.5059311111111111 0.008346031746031745 0.010518888888888888
0 0.35277142857142857 0.4707811111111111 0.008070634920634921 0.012021111111111111
0 0.39629761904761907 0.5060311111111111 0.00793015873015873 0.012024444444444444
0 0.35803412698412695 0.5896366666666666 0.00769920634920635 0.01084111111111111
0 0.3046039682539683 0.5978722222222222 0.0081515873015873 0.009152222222222223
0 0.3165452380952381 0.7446744444444444 0.00823095238095238 0.011778888888888889
0 0.5004944444444445 0.6744233333333334 0.008692857142857143 0.010703333333333334
0 0.6229992063492064 0.6746822222222223 0.007361904761904762 0.010186666666666667
0 0.47438492063492066 0.6742377777777778 0.007708730158730159 0.010506666666666668
0 0.2516825396825397 0.20879666666666669 0.009062698412698413 0.01326111111111111
0 0.22516031746031745 0.3000133333333333 0.010033333333333333 0.01317888888888889
0 0.3037031746031746 0.11513444444444444 0.009134126984126984 0.011862222222222224
0 0.32054126984126985 0.22427333333333332 0.00828968253968254 0.011236666666666666
0 0.4219603174603174 0.4573688888888889 0.008873809523809523 0.012895555555555556
0 0.42091666666666666 0.43545999999999996 0.008005555555555556 0.012288888888888887
0 0.6009920634920635 0.7820522222222223 0.007513492063492063 0.010666666666666666
0 0.3692690476190476 0.7475077777777778 0.00867936507936508 0.012083333333333333
0 0.3984039682539683 0.78191 0.007654761904761905 0.010951111111111111
0 0.4564865079365079 0.9240077777777778 0.008884126984126984 0.012561111111111111
0 0.6511507936507936 0.92362 0.008734920634920635 0.011785555555555554
0 0.2909103174603174 0.16539333333333334 0.016295238095238095 0.018073333333333334
0 0.3379642857142857 0.15262555555555557 0.013949206349206348 0.015278888888888889
0 0.30521507936507936 0.25787777777777776 0.012922222222222222 0.016124444444444445
0 0.3514603174603174 0.2444588888888889 0.012511904761904762 0.015583333333333333
0 0.23385714285714285 0.3354533333333333 0.01438095238095238 0.01705
0 0.3277230158730159 0.40037 0.009711904761904762 0.013267777777777778
0 0.29522301587301586 0.4502177777777778 0.013752380952380952 0.016306666666666667
0 0.30781507936507935 0.5509944444444445 0.011015079365079365 0.01672777777777778
0 0.3672690476190476 0.6016900000000001 0.008086507936507937 0.012222222222222223
0 0.3078619047619048 0.6505488888888888 0.012123809523809523 0.015416666666666667
0 0.2898031746031746 0.7325877777777777 0.008496031746031746 0.012476666666666667
0 0.3541436507936508 0.7338644444444444 0.009757142857142857 0.011475555555555555
0 0.419215873015873 0.8697188888888889 0.009434126984126984 0.013113333333333333
0 0.47722539682539683 0.8695255555555556 0.010215873015873015 0.014858888888888888
0 0.4537531746031746 0.7121133333333334 0.012006349206349206 0.017722222222222223
0 0.5280809523809523 0.7111922222222222 0.011411111111111111 0.01516888888888889
0 0.4535539682539682 0.6448888888888888 0.011100793650793651 0.014756666666666666
0 0.5276563492063492 0.6451011111111111 0.012085714285714286 0.015891111111111113
0 0.36387698412698416 0.4582522222222223 0.009424603174603174 0.013185555555555556
0 0.4481206349206349 0.41405444444444445 0.008864285714285713 0.012918888888888888
0 0.44915 0.4692044444444445 0.010415079365079365 0.012348888888888888
0 0.5265063492063492 0.22453222222222222 0.010293650793650792 0.013396666666666666
0 0.5266309523809524 0.2988077777777778 0.010034920634920634 0.01269888888888889
0 0.6016428571428571 0.22439222222222222 0.010808730158730158 0.014537777777777778
0 0.6009674603174603 0.29881 0.009965873015873015 0.014124444444444445
0 0.49395873015873015 0.45077555555555554 0.011700793650793651 0.016713333333333334
0 0.5417492063492063 0.4516677777777778 0.010826984126984126 0.016363333333333334
0 0.6021952380952381 0.6452766666666666 0.012929365079365079 0.013399999999999999
0 0.6025388888888888 0.71208 0.013107936507936508 0.019076666666666665
0 0.5524873015873016 0.9041177777777778 0.00946031746031746 0.01226
0 0.6186976190476191 0.8687255555555555 0.012936507936507937 0.01610111111111111
0 0.6782142857142858 0.8692944444444444 0.01063968253968254 0.014396666666666665
0 0.6774603174603174 0.30278333333333335 0.011671428571428572 0.017094444444444443
0 0.6771380952380953 0.21924222222222223 0.0125484126984127 0.01632