0 0.41948650793650794 0.9115466666666667 0.008235714285714285 0.014412222222222224
0 0.3260674603174603 0.9128077777777778 0.009779365079365079 0.01261
0 0.44020396825396824 0.7665288888888889 0.007977777777777778 0.01261
0 0.6198365079365079 0.8490355555555555 0.0074634920634920636 0.011168888888888888
0 0.6357928571428572 0.7733744444444445 0.008492857142857144 0.011890000000000001
0 0.6175206349206349 0.6667266666666667 0.009522222222222222 0.01261
0 0.6419690476190476 0.5768333333333333 0.009522222222222222 0.010808888888888889
0 0.6420976190476191 0.52405 0.007205555555555556 0.011890000000000001
0 0.41948650793650794 0.29093888888888886 0.00875 0.01261
0 0.4502404761904762 0.34156 0.008492857142857144 0.01297111111111111
0 0.5682142857142857 0.4772277777777778 0.009261904761904763 0.012245555555555555
0 0.4973547619047619 0.49568 0.007257936507936508 0.010161111111111112
0 0.5449031746031746 0.5610755555555555 0.009304761904761904 0.010682222222222221
0 0.5452753968253968 0.5420555555555555 0.00856031746031746 0.012245555555555555
0 0.5684452380952381 0.6766255555555556 0.00763015873015873 0.010942222222222223
0 0.5469499999999999 0.6896522222222222 0.01004920634920635 0.013547777777777778
0 0.3329587301587301 0.2238277777777778 0.01018095238095238 0.01401888888888889
0 0.386668253968254 0.24445444444444447 0.011655555555555556 0.015356666666666668
0 0.4473706349206349 0.24484111111111112 0.01197936507936508 0.014652222222222223
0 0.3860126984126984 0.4191111111111111 0.012103174603174604 0.016282222222222222
0 0.3297547619047619 0.4190244444444444 0.010812698412698413 0.017094444444444443
0 0.35881428571428575 0.4485111111111111 0.009095238095238095 0.01398
0 0.37651269841269847 0.6286244444444444 0.011406349206349206 0.016947777777777777
0 0.44498650793650796 0.6293255555555556 0.011434920634920636 0.015884444444444444
0 0.4240730158730158 0.6083177777777777 0.010085714285714286 0.011813333333333332
0 0.4452087301587302 0.69631 0.011175396825396826 0.014835555555555557
0 0.3768039682539682 0.6954555555555556 0.01374920634920635 0.01756111111111111
0 0.38621349206349204 0.8572566666666667 0.0118015873015873 0.016427777777777777
0 0.4471904761904762 0.8580844444444444 0.010914285714285715 0.015620000000000002
0 0.3344873015873016 0.8667944444444444 0.01183015873015873 0.014315555555555555
0 0.4970952380952381 0.6617255555555556 0.009706349206349206 0.011696666666666666
0 0.5304619047619047 0.5866277777777777 0.009564285714285714 0.01574
0 0.5302071428571429 0.5207777777777778 0.007998412698412699 0.011665555555555556
0 0.5278214285714286 0.4939533333333333 0.009563492063492064 0.012713333333333333
0 0.5996555555555555 0.2095922222222222 0.01067936507936508 0.01609888888888889
0 0.6200714285714285 0.2393722222222222 0.008217460317460318 0.013077777777777778
0 0.5992626984126984 0.27653777777777777 0.010949206349206349 0.015462222222222223
0 0.6208357142857143 0.34808 0.013265873015873016 0.015152222222222223
0 0.6179873015873016 0.39334555555555556 0.008976984126984127 0.010086666666666667
0 0.6208055555555555 0.43081444444444444 0.011798412698412699 0.013572222222222223
0 0.6152777777777778 0.5020466666666666 0.009893650793650793 0.012147777777777778
0 0.6206785714285714 0.5551566666666666 0.008376984126984127 0.014885555555555555
0 0.6153563492063492 0.6281822222222223 0.013571428571428571 0.015568888888888889
0 0.6149301587301588 0.6960355555555555 0.012718253968253969 0.017735555555555556
0 0.6209015873015873 0.7608633333333333 0.00987857142857143 0.015327777777777777
0 0.5930912698412698 0.8197366666666667 0.011982539682539681 0.015303333333333332
0 0.5931214285714286 0.8872044444444445 0.010986507936507937 0.017191111111111112