0 0.659134126984127 0.8569333333333333 0.008931746031746032 0.01167
0 0.6399317460317461 0.83526 0.009824603174603175 0.010003333333333333
0 0.3959563492063492 0.6149833333333333 0.008335714285714287 0.013754444444444446
0 0.43674285714285715 0.6145666666666667 0.010717460317460317 0.014587777777777778
0 0.5022396825396825 0.6122744444444445 0.008335714285714287 0.012504444444444445
0 0.4197738095238095 0.5145355555555555 0.009526984126984127 0.01542111111111111
0 0.35531904761904765 0.5145355555555555 0.009824603174603175 0.012086666666666667
0 0.3544261904761905 0.4574344444444444 0.011611111111111112 0.014587777777777778
0 0.28386825396825394 0.45659999999999995 0.013396825396825398 0.012921111111111112
0 0.2889293650793651 0.5157855555555555 0.012206349206349207 0.01542111111111111
0 0.2954785714285714 0.5570488888888888 0.008633333333333333 0.012921111111111112
0 0.307834126984127 0.5651755555555555 0.008335714285714287 0.013337777777777778
0 0.3011357142857143 0.6324888888888889 0.0074428571428571426 0.012921111111111112
0 0.42021507936507935 0.4567311111111111 0.009588095238095238 0.013191111111111112
0 0.48525873015873017 0.4805344444444445 0.009123015873015873 0.010785555555555555
0 0.5156698412698413 0.43951999999999997 0.008312698412698412 0.013907777777777778
0 0.545370634920635 0.4811022222222222 0.009731746031746032 0.01248888888888889
0 0.5993 0.48096000000000005 0.00810952380952381 0.010502222222222222
0 0.6293055555555556 0.44023 0.009731746031746032 0.011921111111111111
0 0.5693960317460318 0.44023 0.01033968253968254 0.011353333333333333
0 0.6387325396825396 0.5360244444444445 0.007907142857142857 0.012772222222222223
0 0.6091325396825397 0.5869733333333333 0.008717460317460318 0.013056666666666668
0 0.6736039682539683 0.8344788888888889 0.007907142857142857 0.013624444444444444
0 0.3663515873015873 0.6312511111111111 0.010542857142857144 0.011921111111111111
0 0.6815896825396826 0.6916144444444444 0.010816666666666665 0.013665555555555556
0 0.26107619047619046 0.26940555555555556 0.0066388888888888895 0.010571111111111111
0 0.32955158730158735 0.2572577777777778 0.009863492063492064 0.01620111111111111
0 0.3777587301587302 0.25709 0.010334920634920634 0.013082222222222223
0 0.32669682539682543 0.32841 0.009622222222222221 0.014441111111111111
0 0.3738785714285714 0.32796888888888887 0.00853968253968254 0.014951111111111111
0 0.2727769841269841 0.3271322222222222 0.009161904761904762 0.011885555555555555
0 0.2427674603174603 0.3615088888888889 0.007802380952380952 0.012433333333333334
0 0.2789142857142857 0.4024788888888889 0.010001587301587301 0.01573
0 0.32584920634920633 0.40351777777777775 0.01140793650793651 0.015024444444444444
0 0.3742388888888889 0.40314555555555553 0.010253968253968253 0.01219
0 0.4156738095238095 0.40217222222222226 0.011596825396825397 0.013724444444444444
0 0.43894047619047616 0.35288444444444445 0.008416666666666666 0.012583333333333334
0 0.3667579365079365 0.5567411111111111 0.009708730158730158 0.011067777777777777
0 0.40527380952380954 0.5872144444444445 0.012669047619047618 0.015639999999999998
0 0.4281261904761905 0.5876 0.010651587301587303 0.01502
0 0.5220190476190476 0.6913377777777778 0.00803968253968254 0.010224444444444444
0 0.5196214285714286 0.6361033333333334 0.008711904761904761 0.011111111111111112
0 0.48849047619047614 0.5988722222222223 0.009584126984126985 0.013903333333333334
0 0.528988888888889 0.5622333333333334 0.008557142857142857 0.01718222222222222
0 0.4625888888888889 0.4018066666666667 0.008984920634920634 0.015776666666666668
0 0.49263492063492065 0.35246333333333335 0.009919047619047619 0.014526666666666667
0 0.5295634920634921 0.20856777777777777 0.008711111111111112 0.013473333333333334
0 0.5715079365079365 0.20849666666666666 0.008588095238095238 0.01054777777777778
0 0.5299039682539682 0.2677822222222222 0.009888888888888888 0.012195555555555557
0 0.5714309523809523 0.26663444444444445 0.008433333333333334 0.011987777777777778
0 0.6136896825396825 0.2329888888888889 0.009434920634920635 0.01151111111111111
0 0.6494253968253968 0.2080977777777778 0.011806349206349206 0.011836666666666667
0 0.6493126984126985 0.2676555555555556 0.013073015873015873 0.012638888888888889
0 0.6908587301587301 0.20835222222222222 0.011653174603174605 0.012346666666666667
0 0.6902849206349206 0.26704222222222224 0.014482539682539682 0.012803333333333333
0 0.5638547619047619 0.32758333333333334 0.008194444444444445 0.011396666666666666
0 0.5340944444444444 0.38560999999999995 0.008824603174603174 0.00983
0 0.6112484126984127 0.3273611111111111 0.01200873015873016 0.010254444444444445
0 0.6596269841269841 0.32823555555555556 0.010832539682539683 0.014787777777777778
0 0.7012373015873016 0.3271355555555555 0.00854920634920635 0.012588888888888889
0 0.6591357142857144 0.38614333333333334 0.009353174603174603 0.010201111111111112
0 0.7012007936507936 0.38658444444444445 0.009469841269841269 0.012474444444444444
0 0.600045238095238 0.38593777777777777 0.007498412698412699 0.012573333333333332
0 0.636963492063492 0.86374 0.009252380952380953 0.01539777777777778
0 0.6735142857142857 0.8694844444444444 0.00878095238095238 0.013662222222222221
0 0.6540841269841269 0.6539755555555555 0.011678571428571429 0.01971222222222222
0 0.7019476190476192 0.6550533333333333 0.015438095238095239 0.02047777777777778