0 0.5187142857142857 0.7696666666666667 0.008153968253968254 0.011415555555555556
0 0.4771611111111111 0.7714233333333333 0.008467460317460318 0.012293333333333333
0 0.31494920634920637 0.5395088888888889 0.009065873015873017 0.010722222222222222
0 0.31502698412698416 0.5207988888888888 0.007971428571428572 0.011816666666666666
0 0.3828626984126984 0.3486944444444444 0.008596825396825396 0.01116
0 0.3498047619047619 0.34902333333333335 0.007815079365079365 0.010065555555555557
0 0.3372222222222222 0.34946 0.008284126984126984 0.010503333333333333
0 0.28150000000000003 0.34902333333333335 0.00844047619047619 0.011378888888888888
0 0.29111269841269843 0.34902333333333335 0.007346031746031746 0.010941111111111112
0 0.3179968253968254 0.3203566666666667 0.007971428571428572 0.010941111111111112
0 0.3954309523809524 0.3661288888888889 0.006642063492063492 0.009053333333333333
0 0.3588928571428572 0.3950411111111111 0.006678571428571429 0.010824444444444444
0 0.32795 0.39503 0.0074603174603174605 0.010193333333333332
0 0.3000777777777778 0.3950222222222222 0.006115873015873016 0.0071311111111111115
0 0.2721825396825397 0.3943155555555556 0.0069 0.009982222222222222
0 0.2980174603174603 0.46332 0.011134126984126984 0.017605555555555555
0 0.3334134920634921 0.4966011111111111 0.01099047619047619 0.01654111111111111
0 0.34467777777777775 0.5682144444444445 0.010887301587301588 0.016586666666666666
0 0.29124285714285714 0.6101311111111112 0.011076190476190476 0.014513333333333335
0 0.26115952380952384 0.7446411111111112 0.008355555555555555 0.013018888888888889
0 0.4451706349206349 0.7717766666666667 0.006462698412698413 0.008798888888888889
0 0.5343230158730159 0.7722322222222222 0.006773015873015873 0.009708888888888888