0 0.18674365079365077 0.5375633333333333 0.006446825396825397 0.009482222222222222
0 0.20747063492063492 0.4939233333333334 0.00660952380952381 0.009482222222222222
0 0.2066952380952381 0.5788044444444445 0.007017460317460317 0.00993888888888889
0 0.20649126984126984 0.6269577777777777 0.0069357142857142855 0.010053333333333334
0 0.20657301587301588 0.6761955555555555 0.0069357142857142855 0.009596666666666667
0 0.35936825396825395 0.70902 0.0066103174603174605 0.009871111111111112
0 0.39522857142857143 0.7092511111111112 0.0069404761904761905 0.00940888888888889
0 0.3493984126984127 0.6492533333333333 0.0069404761904761905 0.010333333333333333
0 0.3215253968253968 0.6050655555555555 0.007380952380952381 0.010487777777777778
0 0.284234126984127 0.6323655555555555 0.007050793650793651 0.009871111111111112
0 0.24231507936507937 0.6323655555555555 0.007161111111111111 0.01018
0 0.2425904761904762 0.582778888888889 0.007050793650793651 0.010333333333333333
0 0.24904603174603174 0.5024544444444444 0.006896825396825397 0.009852222222222222
0 0.21373174603174602 0.518921111111111 0.007741269841269841 0.009457777777777778
0 0.32145873015873017 0.4995977777777778 0.007037301587301588 0.01123111111111111
0 0.3643111111111111 0.5106866666666667 0.007438095238095238 0.010295555555555554
0 0.3880634920634921 0.5106277777777778 0.007438095238095238 0.010413333333333333
0 0.41608412698412695 0.5008644444444444 0.007353968253968253 0.010295555555555554
0 0.41814999999999997 0.6039022222222222 0.007374603174603174 0.009932222222222222
0 0.3941126984126984 0.6044244444444444 0.006907936507936509 0.010193333333333332
0 0.4700047619047619 0.7174688888888889 0.007467460317460318 0.010193333333333332
0 0.4608968253968254 0.7673577777777778 0.0071031746031746034 0.010067777777777778
0 0.4180563492063492 0.7674811111111111 0.007191269841269841 0.010313333333333332
0 0.435815873015873 0.7839333333333333 0.006752380952380952 0.009331111111111111
0 0.3882396825396825 0.7841788888888889 0.007191269841269841 0.010067777777777778
0 0.3764 0.7588866666666666 0.007015873015873016 0.010313333333333332
0 0.308565873015873 0.8089177777777778 0.0071031746031746034 0.01019
0 0.5408444444444445 0.6158933333333333 0.006907936507936509 0.009803333333333334
0 0.5685706349206349 0.6659711111111111 0.006718253968253969 0.009538888888888888
0 0.568334126984127 0.6235777777777778 0.007192063492063493 0.008743333333333334
0 0.522723015873016 0.6572933333333334 0.00813809523809524 0.010995555555555555
0 0.5285904761904762 0.7024688888888889 0.007192063492063493 0.008875555555555555
0 0.4724285714285715 0.6924666666666667 0.006907936507936509 0.009803333333333334
0 0.49901904761904764 0.6575577777777778 0.0072865079365079365 0.010201111111111112
0 0.3213261904761905 0.5574777777777778 0.008096825396825396 0.01009
0 0.2781722222222222 0.5827122222222222 0.0069 0.010902222222222223
0 0.25721190476190475 0.70861 0.0074555555555555555 0.010946666666666667
0 0.2673039682539683 0.7677977777777778 0.0076373015873015876 0.01222
0 0.2677587301587302 0.79211 0.00781904761904762 0.009418888888888888
0 0.5818603174603174 0.7771455555555556 0.006989682539682539 0.01009111111111111
0 0.2061849206349206 0.7707244444444445 0.007644444444444444 0.01009111111111111
0 0.5859015873015873 0.6402044444444445 0.0081 0.010271111111111111
0 0.426415873015873 0.648228888888889 0.008253174603174603 0.010484444444444444
0 0.43430476190476186 0.7091488888888889 0.007895238095238096 0.010582222222222222
0 0.3444888888888889 0.76807 0.006177777777777778 0.009698888888888889