0 0.7015079365079365 0.24277555555555555 0.007200793650793651 0.01069888888888889
0 0.7242134920634921 0.24257 0.007053968253968253 0.010286666666666666
0 0.7602182539682539 0.24298222222222224 0.00676031746031746 0.009464444444444445
0 0.7840253968253967 0.24298222222222224 0.007935714285714286 0.010286666666666666
0 0.8162833333333334 0.24308444444444446 0.007788888888888889 0.010493333333333334
0 0.7067984126984127 0.3318622222222222 0.007495238095238095 0.01069888888888889
0 0.7367785714285714 0.33196555555555557 0.007200793650793651 0.010081111111111112
0 0.7421420634920635 0.37064555555555556 0.007935714285714286 0.008846666666666668
0 0.7671253968253969 0.3299077777777778 0.00822936507936508 0.010904444444444444
0 0.8068039682539683 0.33042222222222223 0.008523809523809524 0.01111
0 0.8129761904761905 0.28433555555555556 0.007935714285714286 0.012344444444444444
0 0.7955619047619048 0.37784555555555555 0.007788888888888889 0.010904444444444444
0 0.7955619047619048 0.44450666666666666 0.007495238095238095 0.010904444444444444
0 0.7955619047619048 0.5032455555555556 0.007788888888888889 0.01111
0 0.6863714285714286 0.34081222222222224 0.007200793650793651 0.010904444444444444
0 0.7059166666666666 0.28413 0.006907142857142857 0.009875555555555556
0 0.6895309523809524 0.25995555555555555 0.007053968253968253 0.00925888888888889
0 0.7361174603174603 0.25944111111111107 0.0076420634920634925 0.010286666666666666
0 0.7792492063492065 0.31334555555555554 0.007495238095238095 0.01069888888888889
0 0.7949007936507937 0.3134488888888889 0.00676031746031746 0.010493333333333334
0 0.7958555555555556 0.25995555555555555 0.007200793650793651 0.011727777777777778
0 0.8102579365079365 0.25944111111111107 0.007495238095238095 0.010286666666666666
0 0.7657293650793651 0.5196022222222222 0.007788888888888889 0.011315555555555556
0 0.7661698412698412 0.39471666666666666 0.007788888888888889 0.011727777777777778
0 0.7061373015873016 0.3609755555555556 0.007935714285714286 0.010904444444444444
0 0.7533849206349206 0.28433555555555556 0.007200793650793651 0.01152111111111111
0 0.7485968253968254 0.2598688888888889 0.00855873015873016 0.01176888888888889
0 0.7430968253968254 0.3151388888888889 0.008307142857142857 0.012974444444444445