0 0.2512031746031746 0.48050444444444446 0.008045238095238095 0.012107777777777778
0 0.25080079365079366 0.5218955555555556 0.010056349206349206 0.010981111111111112
0 0.20313492063492064 0.5213322222222222 0.0092515873015873 0.010981111111111112
0 0.20373809523809522 0.47994111111111115 0.008446825396825397 0.009855555555555557
0 0.29866825396825397 0.4802222222222222 0.010056349206349206 0.012107777777777778
0 0.2832825396825397 0.5221766666666667 0.009453174603174604 0.013796666666666667
0 0.3278309523809524 0.5052822222222222 0.0092515873015873 0.012107777777777778
0 0.35387698412698415 0.5003544444444444 0.008246031746031746 0.011263333333333334
0 0.39772142857142856 0.4890922222222222 0.008648412698412699 0.0107
0 0.42437063492063487 0.5151377777777778 0.00724047619047619 0.013796666666666667
0 0.351563492063492 0.53527 0.009653968253968253 0.012388888888888889
0 0.3562904761904762 0.5632866666666667 0.008648412698412699 0.013234444444444445
0 0.21298968253968253 0.5989055555555555 0.00884920634920635 0.012952222222222221
0 0.17055238095238096 0.5635677777777778 0.0092515873015873 0.012671111111111112
0 0.2105761904761905 0.6487433333333333 0.00884920634920635 0.011825555555555556
0 0.1896595238095238 0.6609922222222222 0.008446825396825397 0.012671111111111112
0 0.16994920634920635 0.6826733333333334 0.008045238095238095 0.013234444444444445
0 0.24607460317460317 0.6483211111111111 0.009453174603174604 0.014360000000000001
0 0.27875714285714287 0.5996088888888889 0.00724047619047619 0.013234444444444445
0 0.2916285714285714 0.651418888888889 0.008446825396825397 0.012107777777777778
0 0.327931746031746 0.6333977777777777 0.009453174603174604 0.012107777777777778
0 0.38645873015873017 0.5965122222222222 0.008648412698412699 0.014360000000000001
0 0.42356587301587306 0.6121388888888889 0.008446825396825397 0.014078888888888889
0 0.3879666666666667 0.6464911111111111 0.010056349206349206 0.012952222222222221
0 0.39088333333333336 0.68929 0.008648412698412699 0.011263333333333334
0 0.417934126984127 0.7004122222222222 0.00884920634920635 0.011544444444444446
0 0.28961746031746033 0.74293 0.00884920634920635 0.014360000000000001
0 0.29786349206349205 0.7810833333333334 0.010056349206349206 0.01633111111111111
0 0.3285349206349206 0.7827722222222222 0.009050793650793651 0.012388888888888889
0 0.3291380952380953 0.8216288888888889 0.008648412698412699 0.014078888888888889
0 0.1969 0.7819277777777778 0.00724047619047619 0.012952222222222221
0 0.1963968253968254 0.8326111111111111 0.009050793650793651 0.012388888888888889
0 0.292131746031746 0.8223333333333334 0.009050793650793651 0.012107777777777778
0 0.35820079365079366 0.7422255555555555 0.008045238095238095 0.014078888888888889
0 0.3612174603174603 0.7149133333333334 0.008446825396825397 0.010136666666666667
0 0.38776587301587306 0.7846022222222222 0.00884920634920635 0.010981111111111112
0 0.41883968253968257 0.7862922222222223 0.008648412698412699 0.011544444444444446
0 0.41883968253968257 0.8250077777777778 0.007843650793650793 0.012388888888888889
0 0.3887714285714286 0.8259933333333332 0.009653968253968253 0.015486666666666666
0 0.4774507936507937 0.8213966666666667 0.008634920634920634 0.009918888888888889
0 0.4780039682539683 0.7815666666666667 0.008413492063492064 0.012088888888888889
0 0.5123214285714286 0.7838911111111112 0.009299206349206349 0.013637777777777776
0 0.5926896825396826 0.7883855555555556 0.009299206349206349 0.012088888888888889
0 0.6236857142857143 0.8048133333333333 0.00974126984126984 0.013327777777777779
0 0.6936484126984126 0.7665333333333334 0.008856349206349206 0.01239888888888889
0 0.6936484126984126 0.8074477777777778 0.007970634920634921 0.014877777777777778
0 0.42940634920634924 0.7428211111111112 0.008634920634920634 0.01146888888888889
0 0.4778936507936508 0.7425111111111111 0.008192063492063492 0.01146888888888889
0 0.472247619047619 0.706401111111111 0.00974126984126984 0.013018888888888889
0 0.49361269841269845 0.6509177777777778 0.008192063492063492 0.014257777777777777
0 0.4795539682539683 0.6210066666666667 0.010184126984126983 0.01146888888888889
0 0.4794428571428571 0.59714 0.008634920634920634 0.013947777777777778
0 0.5589261904761905 0.6513833333333333 0.009962698412698413 0.01146888888888889
0 0.5634650793650794 0.588771111111111 0.010626984126984127 0.013327777777777779
0 0.574645238095238 0.5628888888888889 0.009077777777777777 0.01115888888888889
0 0.5682246031746032 0.51469 0.010848412698412697 0.015807777777777778
0 0.5382253968253968 0.5199600000000001 0.010626984126984127 0.014567777777777778
0 0.49726587301587305 0.5328233333333333 0.010626984126984127 0.014257777777777777
0 0.5156420634920635 0.4973322222222222 0.011955555555555554 0.013327777777777779
0 0.47136190476190476 0.5055466666666667 0.011512698412698414 0.015497777777777777
0 0.545863492063492 0.4812144444444445 0.009962698412698413 0.014567777777777778
0 0.5792952380952381 0.4485133333333333 0.012619841269841269 0.013637777777777776
0 0.5932428571428571 0.4215466666666667 0.012176984126984128 0.014877777777777778
0 0.5544984126984127 0.3832666666666667 0.010405555555555557 0.014567777777777778
0 0.5404388888888889 0.4106977777777778 0.010184126984126983 0.013637777777777776
0 0.6613238095238095 0.4609122222222222 0.012841269841269843 0.016737777777777775
0 0.5199595238095238 0.5546755555555556 0.011734126984126984 0.015187777777777777